0 -0.963255 1.08957 0.734924 1256494106.170968771 -1.1723 1.0304 0.89474 
0 -0.963255 1.08957 0.734924 1256494106.170968771 -1.2093 0.79248 0.89644 
0 -0.963255 1.08957 0.734924 1256494106.170968771 -1.004 1.5415 0.80331 
0 -0.963255 1.08957 0.734924 1256494106.170968771 -1.1025 1.389 0.80161 
0 -0.963255 1.08957 0.734924 1256494106.170968771 -0.77076 1.4657 0.79271 
0 -0.963255 1.08957 0.734924 1256494117.4242417812 -0.78913 1.465 0.78938 
0 -0.963255 1.08957 0.734924 1256494117.4242417812 -1.2219 0.79026 0.89346 
0 -0.963255 1.08957 0.734924 1256494117.4242417812 -1.1743 1.0262 0.89002 
0 -0.963255 1.08957 0.734924 1256494117.4242417812 -0.99266 1.5627 0.80249 
0 -0.963255 1.08957 0.734924 1256494117.4242417812 -1.1064 1.3976 0.79866 
0 -0.963255 1.08957 0.734924 1256494128.6708247662 -1.185 1.0032 0.89675 
0 -0.963255 1.08957 0.734924 1256494128.6708247662 -1.2026 0.76957 0.89731 
0 -0.963255 1.08957 0.734924 1256494128.6708247662 -1.0866 1.3757 0.80484 
0 -0.963255 1.08957 0.734924 1256494128.6708247662 -1.0032 1.5279 0.8071 
0 -0.963255 1.08957 0.734924 1256494128.6708247662 -0.7854 1.4386 0.79304 
0 -0.963255 1.08957 0.734924 1256494139.8680827618 -0.77481 1.4474 0.79203 
0 -0.963255 1.08957 0.734924 1256494139.8680827618 -1.0036 1.5255 0.80347 
0 -0.963255 1.08957 0.734924 1256494139.8680827618 -1.089 1.3656 0.80365 
0 -0.963255 1.08957 0.734924 1256494139.8680827618 -1.1633 1.0042 0.89528 
0 -0.963255 1.08957 0.734924 1256494139.8680827618 -1.1973 0.76718 0.89527 
1 -1.58823 -0.445682 1.12172 1256494151.1268639565 -inf -inf -inf 
1 -1.58823 -0.445682 1.12172 1256494151.1268639565 -inf -inf -inf 
1 -1.58823 -0.445682 1.12172 1256494151.1268639565 -inf -inf -inf 
1 -1.58823 -0.445682 1.12172 1256494151.1268639565 -1.6752 -0.74555 1.2774 
1 -1.58823 -0.445682 1.12172 1256494151.1268639565 -1.4918 -0.38945 1.2824 
1 -1.58823 -0.445682 1.12172 1256494162.3190248013 -1.4851 -0.37988 1.2791 
1 -1.58823 -0.445682 1.12172 1256494162.3190248013 -1.4103 -0.71571 1.2247 
1 -1.58823 -0.445682 1.12172 1256494162.3190248013 -inf -inf -inf 
2 1.84959 -0.304646 0.919631 1256494173.6161277294 -inf -inf -inf 
2 1.84959 -0.304646 0.919631 1256494173.6161277294 1.6304 -0.56133 0.97425 
2 1.84959 -0.304646 0.919631 1256494173.6161277294 2.1303 -0.13507 0.9707 
2 1.84959 -0.304646 0.919631 1256494173.6161277294 1.9649 0.17436 1.0643 
2 1.84959 -0.304646 0.919631 1256494173.6161277294 1.9964 0.45248 1.022 
2 1.84959 -0.304646 0.919631 1256494184.8628809452 1.9952 0.4624 1.0155 
2 1.84959 -0.304646 0.919631 1256494184.8628809452 1.9759 0.18031 1.0553 
2 1.84959 -0.304646 0.919631 1256494184.8628809452 1.6369 -0.54727 0.96859 
2 1.84959 -0.304646 0.919631 1256494184.8628809452 -inf -inf -inf 
2 1.84959 -0.304646 0.919631 1256494184.8628809452 -inf -inf -inf 
2 1.84959 -0.304646 0.919631 1256494184.8628809452 -inf -inf -inf 
2 1.84959 -0.304646 0.919631 1256494184.8628809452 -inf -inf -inf 
2 1.84959 -0.304646 0.919631 1256494196.0629649162 -inf -inf -inf 
2 1.84959 -0.304646 0.919631 1256494196.0629649162 -inf -inf -inf 
2 1.84959 -0.304646 0.919631 1256494196.0629649162 1.9675 0.17962 1.0585 
2 1.84959 -0.304646 0.919631 1256494196.0629649162 2.0002 0.46274 1.0187 
2 1.84959 -0.304646 0.919631 1256494196.0629649162 1.6314 -0.55835 0.97092 
2 1.84959 -0.304646 0.919631 1256494207.3107447624 1.9911 0.46444 1.016 
2 1.84959 -0.304646 0.919631 1256494207.3107447624 1.9749 0.18298 1.0568 
2 1.84959 -0.304646 0.919631 1256494207.3107447624 1.6448 -0.5689 0.96872 
2 1.84959 -0.304646 0.919631 1256494207.3107447624 -inf -inf -inf 
2 1.84959 -0.304646 0.919631 1256494207.3107447624 -inf -inf -inf 
2 1.84959 -0.304646 0.919631 1256494218.5600619316 -inf -inf -inf 
2 1.84959 -0.304646 0.919631 1256494218.5600619316 1.9847 0.17257 1.0688 
2 1.84959 -0.304646 0.919631 1256494218.5600619316 1.6394 -0.55935 0.97816 
2 1.84959 -0.304646 0.919631 1256494218.5600619316 1.9937 -0.078527 0.9849 
2 1.84959 -0.304646 0.919631 1256494218.5600619316 1.976 0.45355 1.0279 
2 1.84959 -0.304646 0.919631 1256494229.8590357304 1.9883 0.44534 1.0306 
2 1.84959 -0.304646 0.919631 1256494229.8590357304 1.9501 0.17021 1.0733 
2 1.84959 -0.304646 0.919631 1256494229.8590357304 1.9814 -0.086829 0.98872 
2 1.84959 -0.304646 0.919631 1256494229.8590357304 1.6284 -0.55624 0.98388 
2 1.84959 -0.304646 0.919631 1256494229.8590357304 -inf -inf -inf 
2 1.84959 -0.304646 0.919631 1256494229.8590357304 -inf -inf -inf 
0 -0.963255 1.08957 0.734924 1256494241.1082599163 -1.1779 0.78398 0.88968 
0 -0.963255 1.08957 0.734924 1256494241.1082599163 -1.1347 1.0133 0.88766 
0 -0.963255 1.08957 0.734924 1256494241.1082599163 -1.0502 1.3805 0.79547 
0 -0.963255 1.08957 0.734924 1256494241.1082599163 -0.96603 1.5489 0.79906 
0 -0.963255 1.08957 0.734924 1256494241.1082599163 -0.7264 1.4138 0.78302 
0 -0.963255 1.08957 0.734924 1256494252.307571888 -0.70615 1.42 0.78266 
0 -0.963255 1.08957 0.734924 1256494252.307571888 -0.96426 1.5358 0.79103 
0 -0.963255 1.08957 0.734924 1256494252.307571888 -1.0552 1.3975 0.79228 
0 -0.963255 1.08957 0.734924 1256494252.307571888 -1.1285 1.027 0.88167 
0 -0.963255 1.08957 0.734924 1256494252.307571888 -1.1811 0.78931 0.8841 
0 -0.963255 1.08957 0.734924 1256494263.5550937653 -1.151 1.0176 0.89627 
0 -0.963255 1.08957 0.734924 1256494263.5550937653 -1.1904 0.78351 0.89867 
0 -0.963255 1.08957 0.734924 1256494263.5550937653 -1.0475 1.381 0.80519 
0 -0.963255 1.08957 0.734924 1256494263.5550937653 -0.95655 1.5317 0.80698 
0 -0.963255 1.08957 0.734924 1256494263.5550937653 -0.73046 1.4299 0.79734 
